% Javier Eduardo Alcocer Cordova 1791780   Hora:N2

%Ejercicio 1
n=[1 10 100 500 1000 2000 4000 8000];
y= (1+(1./n)).^n
